Linux 6.17.0-14-generic (IS-WiN-PC14) 	03/06/2026 	_x86_64_	(32 CPU)

05:36:50 PM  CPU    %usr   %nice    %sys %iowait    %irq   %soft  %steal  %guest  %gnice   %idle
05:36:51 PM  all   12.42    0.00    1.44    0.00    0.00    0.00    0.00    0.00    0.00   86.14
05:36:51 PM    0   12.24    0.00    0.00    0.00    0.00    0.00    0.00    0.00    0.00   87.76
05:36:51 PM    1    8.91    0.00    0.00    0.00    0.00    0.00    0.00    0.00    0.00   91.09
05:36:51 PM    2   10.10    0.00    2.02    0.00    0.00    0.00    0.00    0.00    0.00   87.88
05:36:51 PM    3    8.91    0.00    1.98    0.00    0.00    0.00    0.00    0.00    0.00   89.11
05:36:51 PM    4   34.00    0.00   20.00    0.00    0.00    0.00    0.00    0.00    0.00   46.00
05:36:51 PM    5   31.00    0.00    8.00    0.00    0.00    0.00    0.00    0.00    0.00   61.00
05:36:51 PM    6   32.00    0.00    1.00    0.00    0.00    0.00    0.00    0.00    0.00   67.00
05:36:51 PM    7   25.25    0.00    0.00    0.00    0.00    0.00    0.00    0.00    0.00   74.75
05:36:51 PM    8   12.12    0.00    1.01    0.00    0.00    0.00    0.00    0.00    0.00   86.87
05:36:51 PM    9    8.00    0.00    0.00    0.00    0.00    0.00    0.00    0.00    0.00   92.00
05:36:51 PM   10   13.00    0.00    1.00    0.00    0.00    0.00    0.00    0.00    0.00   86.00
05:36:51 PM   11    8.08    0.00    0.00    0.00    0.00    0.00    0.00    0.00    0.00   91.92
05:36:51 PM   12   12.12    0.00    0.00    0.00    0.00    0.00    0.00    0.00    0.00   87.88
05:36:51 PM   13    8.00    0.00    0.00    0.00    0.00    0.00    0.00    0.00    0.00   92.00
05:36:51 PM   14    9.09    0.00    0.00    0.00    0.00    0.00    0.00    0.00    0.00   90.91
05:36:51 PM   15    8.91    0.00    0.00    0.00    0.00    0.00    0.00    0.00    0.00   91.09
05:36:51 PM   16   10.00    0.00    1.00    0.00    0.00    0.00    0.00    0.00    0.00   89.00
05:36:51 PM   17    8.08    0.00    0.00    0.00    0.00    0.00    0.00    0.00    0.00   91.92
05:36:51 PM   18   10.20    0.00    1.02    0.00    0.00    0.00    0.00    0.00    0.00   88.78
05:36:51 PM   19   11.00    0.00    0.00    0.00    0.00    0.00    0.00    0.00    0.00   89.00
05:36:51 PM   20    9.90    0.00    1.98    0.00    0.00    0.00    0.00    0.00    0.00   88.12
05:36:51 PM   21   10.00    0.00    1.00    0.00    0.00    0.00    0.00    0.00    0.00   89.00
05:36:51 PM   22    9.00    0.00    0.00    0.00    0.00    0.00    0.00    0.00    0.00   91.00
05:36:51 PM   23   11.00    0.00    0.00    0.00    0.00    0.00    0.00    0.00    0.00   89.00
05:36:51 PM   24   10.10    0.00    1.01    0.00    0.00    0.00    0.00    0.00    0.00   88.89
05:36:51 PM   25    9.00    0.00    1.00    0.00    0.00    0.00    0.00    0.00    0.00   90.00
05:36:51 PM   26    9.09    0.00    0.00    0.00    0.00    0.00    0.00    0.00    0.00   90.91
05:36:51 PM   27   10.00    0.00    0.00    0.00    0.00    0.00    0.00    0.00    0.00   90.00
05:36:51 PM   28    9.00    0.00    0.00    0.00    0.00    0.00    0.00    0.00    0.00   91.00
05:36:51 PM   29   10.00    0.00    1.00    0.00    0.00    0.00    0.00    0.00    0.00   89.00
05:36:51 PM   30   10.10    0.00    2.02    0.00    0.00    0.00    0.00    0.00    0.00   87.88
05:36:51 PM   31    9.09    0.00    1.01    0.00    0.00    0.00    0.00    0.00    0.00   89.90

05:36:51 PM  CPU    %usr   %nice    %sys %iowait    %irq   %soft  %steal  %guest  %gnice   %idle
05:36:52 PM  all    5.63    0.00    0.84    0.13    0.00    0.03    0.00    0.00    0.00   93.37
05:36:52 PM    0    4.04    0.00    0.00    0.00    0.00    0.00    0.00    0.00    0.00   95.96
05:36:52 PM    1    1.01    0.00    0.00    0.00    0.00    0.00    0.00    0.00    0.00   98.99
05:36:52 PM    2    9.00    0.00    2.00    0.00    0.00    0.00    0.00    0.00    0.00   89.00
05:36:52 PM    3    0.00    0.00    0.00    0.00    0.00    0.00    0.00    0.00    0.00  100.00
05:36:52 PM    4   50.51    0.00    3.03    0.00    0.00    0.00    0.00    0.00    0.00   46.46
05:36:52 PM    5    0.00    0.00    0.00    0.00    0.00    0.00    0.00    0.00    0.00  100.00
05:36:52 PM    6    7.92    0.00    0.99    0.00    0.00    0.00    0.00    0.00    0.00   91.09
05:36:52 PM    7   44.00    0.00    1.00    0.00    0.00    0.00    0.00    0.00    0.00   55.00
05:36:52 PM    8    2.00    0.00    1.00    0.00    0.00    0.00    0.00    0.00    0.00   97.00
05:36:52 PM    9    0.00    0.00    0.00    0.00    0.00    0.00    0.00    0.00    0.00  100.00
05:36:52 PM   10    6.06    0.00    1.01    0.00    0.00    0.00    0.00    0.00    0.00   92.93
05:36:52 PM   11    0.00    0.00    0.00    0.00    0.00    0.00    0.00    0.00    0.00  100.00
05:36:52 PM   12    5.05    0.00    1.01    0.00    0.00    0.00    0.00    0.00    0.00   93.94
05:36:52 PM   13    0.00    0.00    0.00    0.00    0.00    0.00    0.00    0.00    0.00  100.00
05:36:52 PM   14    7.07    0.00    1.01    0.00    0.00    0.00    0.00    0.00    0.00   91.92
05:36:52 PM   15    0.00    0.00    0.00    0.00    0.00    0.00    0.00    0.00    0.00  100.00
05:36:52 PM   16    2.97    0.00    0.99    0.00    0.00    0.00    0.00    0.00    0.00   96.04
05:36:52 PM   17    5.94    0.00    3.96    0.00    0.00    0.00    0.00    0.00    0.00   90.10
05:36:52 PM   18    2.97    0.00    0.99    0.00    0.00    0.00    0.00    0.00    0.00   96.04
05:36:52 PM   19    1.00    0.00    0.00    0.00    0.00    1.00    0.00    0.00    0.00   98.00
05:36:52 PM   20    1.00    0.00    0.00    0.00    0.00    0.00    0.00    0.00    0.00   99.00
05:36:52 PM   21    4.04    0.00    1.01    0.00    0.00    0.00    0.00    0.00    0.00   94.95
05:36:52 PM   22    2.94    0.00    0.98    1.96    0.00    0.00    0.00    0.00    0.00   94.12
05:36:52 PM   23    2.04    0.00    1.02    0.00    0.00    0.00    0.00    0.00    0.00   96.94
05:36:52 PM   24    1.00    0.00    1.00    0.00    0.00    0.00    0.00    0.00    0.00   98.00
05:36:52 PM   25    3.03    0.00    0.00    1.01    0.00    0.00    0.00    0.00    0.00   95.96
05:36:52 PM   26    3.03    0.00    1.01    0.00    0.00    0.00    0.00    0.00    0.00   95.96
05:36:52 PM   27    2.00    0.00    1.00    0.00    0.00    0.00    0.00    0.00    0.00   97.00
05:36:52 PM   28    0.99    0.00    0.99    0.00    0.00    0.00    0.00    0.00    0.00   98.02
05:36:52 PM   29    3.00    0.00    1.00    0.00    0.00    0.00    0.00    0.00    0.00   96.00
05:36:52 PM   30    3.96    0.00    0.99    0.00    0.00    0.00    0.00    0.00    0.00   95.05
05:36:52 PM   31    4.04    0.00    1.01    1.01    0.00    0.00    0.00    0.00    0.00   93.94

05:36:52 PM  CPU    %usr   %nice    %sys %iowait    %irq   %soft  %steal  %guest  %gnice   %idle
05:36:53 PM  all   60.05    0.00    1.27    0.00    0.00    0.00    0.00    0.00    0.00   38.68
05:36:53 PM    0   59.00    0.00    2.00    0.00    0.00    0.00    0.00    0.00    0.00   39.00
05:36:53 PM    1   59.00    0.00    1.00    0.00    0.00    0.00    0.00    0.00    0.00   40.00
05:36:53 PM    2   57.00    0.00    1.00    0.00    0.00    0.00    0.00    0.00    0.00   42.00
05:36:53 PM    3   58.00    0.00    1.00    0.00    0.00    0.00    0.00    0.00    0.00   41.00
05:36:53 PM    4   89.00    0.00    2.00    0.00    0.00    0.00    0.00    0.00    0.00    9.00
05:36:53 PM    5   59.00    0.00    0.00    0.00    0.00    0.00    0.00    0.00    0.00   41.00
05:36:53 PM    6   58.59    0.00    1.01    0.00    0.00    0.00    0.00    0.00    0.00   40.40
05:36:53 PM    7   71.29    0.00    0.99    0.00    0.00    0.00    0.00    0.00    0.00   27.72
05:36:53 PM    8   59.00    0.00    1.00    0.00    0.00    0.00    0.00    0.00    0.00   40.00
05:36:53 PM    9   59.00    0.00    0.00    0.00    0.00    0.00    0.00    0.00    0.00   41.00
05:36:53 PM   10   57.43    0.00    1.98    0.00    0.00    0.00    0.00    0.00    0.00   40.59
05:36:53 PM   11   57.43    0.00    0.99    0.00    0.00    0.00    0.00    0.00    0.00   41.58
05:36:53 PM   12   58.00    0.00    1.00    0.00    0.00    0.00    0.00    0.00    0.00   41.00
05:36:53 PM   13   58.42    0.00    0.99    0.00    0.00    0.00    0.00    0.00    0.00   40.59
05:36:53 PM   14   64.00    0.00    1.00    0.00    0.00    0.00    0.00    0.00    0.00   35.00
05:36:53 PM   15   57.58    0.00    1.01    0.00    0.00    0.00    0.00    0.00    0.00   41.41
05:36:53 PM   16   60.00    0.00    1.00    0.00    0.00    0.00    0.00    0.00    0.00   39.00
05:36:53 PM   17   59.41    0.00    0.99    0.00    0.00    0.00    0.00    0.00    0.00   39.60
05:36:53 PM   18   58.42    0.00    1.98    0.00    0.00    0.00    0.00    0.00    0.00   39.60
05:36:53 PM   19   58.42    0.00    1.98    0.00    0.00    0.00    0.00    0.00    0.00   39.60
05:36:53 PM   20   58.42    0.00    1.98    0.00    0.00    0.00    0.00    0.00    0.00   39.60
05:36:53 PM   21   59.00    0.00    1.00    0.00    0.00    0.00    0.00    0.00    0.00   40.00
05:36:53 PM   22   59.00    0.00    1.00    0.00    0.00    0.00    0.00    0.00    0.00   40.00
05:36:53 PM   23   58.42    0.00    1.98    0.00    0.00    0.00    0.00    0.00    0.00   39.60
05:36:53 PM   24   57.84    0.00    0.98    0.00    0.00    0.00    0.00    0.00    0.00   41.18
05:36:53 PM   25   58.42    0.00    0.99    0.00    0.00    0.00    0.00    0.00    0.00   40.59
05:36:53 PM   26   58.82    0.00    0.98    0.00    0.00    0.00    0.00    0.00    0.00   40.20
05:36:53 PM   27   59.00    0.00    1.00    0.00    0.00    0.00    0.00    0.00    0.00   40.00
05:36:53 PM   28   60.40    0.00    0.00    0.00    0.00    0.00    0.00    0.00    0.00   39.60
05:36:53 PM   29   57.84    0.00    2.94    0.00    0.00    0.00    0.00    0.00    0.00   39.22
05:36:53 PM   30   58.42    0.00    1.98    0.00    0.00    0.00    0.00    0.00    0.00   39.60
05:36:53 PM   31   58.25    0.00    2.91    0.00    0.00    0.00    0.00    0.00    0.00   38.83

05:36:53 PM  CPU    %usr   %nice    %sys %iowait    %irq   %soft  %steal  %guest  %gnice   %idle
05:36:54 PM  all   68.12    0.00    1.04    0.00    0.00    0.00    0.00    0.00    0.00   30.84
05:36:54 PM    0   69.39    0.00    0.00    0.00    0.00    0.00    0.00    0.00    0.00   30.61
05:36:54 PM    1   65.66    0.00    0.00    0.00    0.00    0.00    0.00    0.00    0.00   34.34
05:36:54 PM    2   67.00    0.00    2.00    0.00    0.00    0.00    0.00    0.00    0.00   31.00
05:36:54 PM    3   65.66    0.00    0.00    0.00    0.00    0.00    0.00    0.00    0.00   34.34
05:36:54 PM    4   87.88    0.00    0.00    0.00    0.00    0.00    0.00    0.00    0.00   12.12
05:36:54 PM    5   64.36    0.00    0.99    0.00    0.00    0.00    0.00    0.00    0.00   34.65
05:36:54 PM    6   80.00    0.00    3.00    0.00    0.00    0.00    0.00    0.00    0.00   17.00
05:36:54 PM    7   65.66    0.00    1.01    0.00    0.00    0.00    0.00    0.00    0.00   33.33
05:36:54 PM    8   68.32    0.00    0.99    0.00    0.00    0.00    0.00    0.00    0.00   30.69
05:36:54 PM    9   70.00    0.00    0.00    0.00    0.00    0.00    0.00    0.00    0.00   30.00
05:36:54 PM   10   64.65    0.00    1.01    0.00    0.00    0.00    0.00    0.00    0.00   34.34
05:36:54 PM   11   66.00    0.00    0.00    0.00    0.00    0.00    0.00    0.00    0.00   34.00
05:36:54 PM   12   66.00    0.00    1.00    0.00    0.00    0.00    0.00    0.00    0.00   33.00
05:36:54 PM   13   65.66    0.00    0.00    0.00    0.00    0.00    0.00    0.00    0.00   34.34
05:36:54 PM   14   68.00    0.00    1.00    0.00    0.00    0.00    0.00    0.00    0.00   31.00
05:36:54 PM   15   64.65    0.00    0.00    0.00    0.00    0.00    0.00    0.00    0.00   35.35
05:36:54 PM   16   67.00    0.00    1.00    0.00    0.00    0.00    0.00    0.00    0.00   32.00
05:36:54 PM   17   67.33    0.00    0.99    0.00    0.00    0.00    0.00    0.00    0.00   31.68
05:36:54 PM   18   68.69    0.00    1.01    0.00    0.00    0.00    0.00    0.00    0.00   30.30
05:36:54 PM   19   66.67    0.00    2.02    0.00    0.00    0.00    0.00    0.00    0.00   31.31
05:36:54 PM   20   68.69    0.00    1.01    0.00    0.00    0.00    0.00    0.00    0.00   30.30
05:36:54 PM   21   68.00    0.00    0.00    0.00    0.00    0.00    0.00    0.00    0.00   32.00
05:36:54 PM   22   67.68    0.00    0.00    0.00    0.00    0.00    0.00    0.00    0.00   32.32
05:36:54 PM   23   68.00    0.00    2.00    0.00    0.00    0.00    0.00    0.00    0.00   30.00
05:36:54 PM   24   67.68    0.00    2.02    0.00    0.00    0.00    0.00    0.00    0.00   30.30
05:36:54 PM   25   67.33    0.00    0.99    0.00    0.00    0.00    0.00    0.00    0.00   31.68
05:36:54 PM   26   65.00    0.00    2.00    0.00    0.00    0.00    0.00    0.00    0.00   33.00
05:36:54 PM   27   70.00    0.00    2.00    0.00    0.00    0.00    0.00    0.00    0.00   28.00
05:36:54 PM   28   69.00    0.00    2.00    0.00    0.00    0.00    0.00    0.00    0.00   29.00
05:36:54 PM   29   67.00    0.00    2.00    0.00    0.00    0.00    0.00    0.00    0.00   31.00
05:36:54 PM   30   65.66    0.00    3.03    0.00    0.00    0.00    0.00    0.00    0.00   31.31
05:36:54 PM   31   67.35    0.00    0.00    0.00    0.00    0.00    0.00    0.00    0.00   32.65

05:36:54 PM  CPU    %usr   %nice    %sys %iowait    %irq   %soft  %steal  %guest  %gnice   %idle
05:36:55 PM  all    4.31    0.00    1.03    0.06    0.00    0.00    0.00    0.00    0.00   94.59
05:36:55 PM    0   10.10    0.00    2.02    0.00    0.00    0.00    0.00    0.00    0.00   87.88
05:36:55 PM    1    2.00    0.00    0.00    0.00    0.00    0.00    0.00    0.00    0.00   98.00
05:36:55 PM    2    2.00    0.00    2.00    0.00    0.00    0.00    0.00    0.00    0.00   96.00
05:36:55 PM    3    0.00    0.00    0.00    0.00    0.00    0.00    0.00    0.00    0.00  100.00
05:36:55 PM    4   15.00    0.00    1.00    0.00    0.00    0.00    0.00    0.00    0.00   84.00
05:36:55 PM    5    1.00    0.00    0.00    0.00    0.00    0.00    0.00    0.00    0.00   99.00
05:36:55 PM    6   50.00    0.00    1.00    0.00    0.00    0.00    0.00    0.00    0.00   49.00
05:36:55 PM    7    0.00    0.00   10.00    0.00    0.00    0.00    0.00    0.00    0.00   90.00
05:36:55 PM    8   15.15    0.00    0.00    0.00    0.00    0.00    0.00    0.00    0.00   84.85
05:36:55 PM    9    0.00    0.00    1.00    0.00    0.00    0.00    0.00    0.00    0.00   99.00
05:36:55 PM   10    6.93    0.00    0.99    0.99    0.00    0.00    0.00    0.00    0.00   91.09
05:36:55 PM   11    0.00    0.00    0.00    0.00    0.00    0.00    0.00    0.00    0.00  100.00
05:36:55 PM   12    3.03    0.00    1.01    0.00    0.00    0.00    0.00    0.00    0.00   95.96
05:36:55 PM   13    1.98    0.00    0.00    0.00    0.00    0.00    0.00    0.00    0.00   98.02
05:36:55 PM   14    2.97    0.00    2.97    0.99    0.00    0.00    0.00    0.00    0.00   93.07
05:36:55 PM   15    0.00    0.00    0.00    0.00    0.00    0.00    0.00    0.00    0.00  100.00
05:36:55 PM   16    3.00    0.00    1.00    0.00    0.00    0.00    0.00    0.00    0.00   96.00
05:36:55 PM   17    1.00    0.00    1.00    0.00    0.00    0.00    0.00    0.00    0.00   98.00
05:36:55 PM   18    2.02    0.00    0.00    0.00    0.00    0.00    0.00    0.00    0.00   97.98
05:36:55 PM   19    1.98    0.00    0.99    0.00    0.00    0.00    0.00    0.00    0.00   97.03
05:36:55 PM   20    0.00    0.00    0.00    0.00    0.00    0.00    0.00    0.00    0.00  100.00
05:36:55 PM   21    1.98    0.00    0.99    0.00    0.00    0.00    0.00    0.00    0.00   97.03
05:36:55 PM   22    1.00    0.00    1.00    0.00    0.00    0.00    0.00    0.00    0.00   98.00
05:36:55 PM   23    3.00    0.00    1.00    0.00    0.00    0.00    0.00    0.00    0.00   96.00
05:36:55 PM   24    2.00    0.00    0.00    0.00    0.00    0.00    0.00    0.00    0.00   98.00
05:36:55 PM   25    3.00    0.00    1.00    0.00    0.00    0.00    0.00    0.00    0.00   96.00
05:36:55 PM   26    1.00    0.00    0.00    0.00    0.00    0.00    0.00    0.00    0.00   99.00
05:36:55 PM   27    0.00    0.00    0.00    0.00    0.00    0.00    0.00    0.00    0.00  100.00
05:36:55 PM   28    3.00    0.00    0.00    0.00    0.00    0.00    0.00    0.00    0.00   97.00
05:36:55 PM   29    1.00    0.00    0.00    0.00    0.00    0.00    0.00    0.00    0.00   99.00
05:36:55 PM   30    1.00    0.00    2.00    0.00    0.00    0.00    0.00    0.00    0.00   97.00
05:36:55 PM   31    2.97    0.00    1.98    0.00    0.00    0.00    0.00    0.00    0.00   95.05
