Linux 6.17.0-14-generic (IS-WiN-PC14) 	03/06/2026 	_x86_64_	(32 CPU)

05:37:04 PM  CPU    %usr   %nice    %sys %iowait    %irq   %soft  %steal  %guest  %gnice   %idle
05:37:05 PM  all   12.91    0.00    1.47    0.09    0.00    0.00    0.00    0.00    0.00   85.53
05:37:05 PM    0   17.35    0.00    0.00    0.00    0.00    0.00    0.00    0.00    0.00   82.65
05:37:05 PM    1    8.08    0.00    0.00    0.00    0.00    0.00    0.00    0.00    0.00   91.92
05:37:05 PM    2    9.09    0.00    1.01    0.00    0.00    0.00    0.00    0.00    0.00   89.90
05:37:05 PM    3    8.08    0.00    0.00    0.00    0.00    0.00    0.00    0.00    0.00   91.92
05:37:05 PM    4   34.34    0.00    8.08    0.00    0.00    0.00    0.00    0.00    0.00   57.58
05:37:05 PM    5   38.00    0.00    1.00    1.00    0.00    0.00    0.00    0.00    0.00   60.00
05:37:05 PM    6   35.35    0.00   20.20    0.00    0.00    0.00    0.00    0.00    0.00   44.44
05:37:05 PM    7   17.82    0.00    0.00    0.00    0.00    0.00    0.00    0.00    0.00   82.18
05:37:05 PM    8   12.12    0.00    1.01    0.00    0.00    0.00    0.00    0.00    0.00   86.87
05:37:05 PM    9    8.91    0.00    0.00    0.00    0.00    0.00    0.00    0.00    0.00   91.09
05:37:05 PM   10    9.90    0.00    0.99    0.00    0.00    0.00    0.00    0.00    0.00   89.11
05:37:05 PM   11    8.91    0.00    0.00    0.00    0.00    0.00    0.00    0.00    0.00   91.09
05:37:05 PM   12   10.89    0.00    0.99    0.00    0.00    0.00    0.00    0.00    0.00   88.12
05:37:05 PM   13    8.91    0.00    0.00    0.00    0.00    0.00    0.00    0.00    0.00   91.09
05:37:05 PM   14   10.00    0.00    1.00    2.00    0.00    0.00    0.00    0.00    0.00   87.00
05:37:05 PM   15    9.00    0.00    0.00    0.00    0.00    0.00    0.00    0.00    0.00   91.00
05:37:05 PM   16   11.88    0.00    0.99    0.00    0.00    0.00    0.00    0.00    0.00   87.13
05:37:05 PM   17   12.00    0.00    1.00    0.00    0.00    0.00    0.00    0.00    0.00   87.00
05:37:05 PM   18   12.00    0.00    1.00    0.00    0.00    0.00    0.00    0.00    0.00   87.00
05:37:05 PM   19    9.00    0.00    1.00    0.00    0.00    0.00    0.00    0.00    0.00   90.00
05:37:05 PM   20   11.00    0.00    1.00    0.00    0.00    0.00    0.00    0.00    0.00   88.00
05:37:05 PM   21   10.89    0.00    0.00    0.00    0.00    0.00    0.00    0.00    0.00   89.11
05:37:05 PM   22    9.00    0.00    0.00    0.00    0.00    0.00    0.00    0.00    0.00   91.00
05:37:05 PM   23   10.10    0.00    1.01    0.00    0.00    0.00    0.00    0.00    0.00   88.89
05:37:05 PM   24   10.00    0.00    1.00    0.00    0.00    0.00    0.00    0.00    0.00   89.00
05:37:05 PM   25   11.11    0.00    0.00    0.00    0.00    0.00    0.00    0.00    0.00   88.89
05:37:05 PM   26   10.00    0.00    0.00    0.00    0.00    0.00    0.00    0.00    0.00   90.00
05:37:05 PM   27   10.00    0.00    1.00    0.00    0.00    0.00    0.00    0.00    0.00   89.00
05:37:05 PM   28    9.00    0.00    1.00    0.00    0.00    0.00    0.00    0.00    0.00   90.00
05:37:05 PM   29   10.89    0.00    0.99    0.00    0.00    0.00    0.00    0.00    0.00   88.12
05:37:05 PM   30    9.90    0.00    0.99    0.00    0.00    0.00    0.00    0.00    0.00   89.11
05:37:05 PM   31   10.00    0.00    2.00    0.00    0.00    0.00    0.00    0.00    0.00   88.00

05:37:05 PM  CPU    %usr   %nice    %sys %iowait    %irq   %soft  %steal  %guest  %gnice   %idle
05:37:06 PM  all    5.96    0.00    0.88    0.00    0.00    0.00    0.00    0.00    0.00   93.16
05:37:06 PM    0    3.03    0.00    3.03    0.00    0.00    0.00    0.00    0.00    0.00   93.94
05:37:06 PM    1    0.00    0.00    0.00    0.00    0.00    0.00    0.00    0.00    0.00  100.00
05:37:06 PM    2    2.00    0.00    1.00    0.00    0.00    0.00    0.00    0.00    0.00   97.00
05:37:06 PM    3    0.00    0.00    0.00    0.00    0.00    0.00    0.00    0.00    0.00  100.00
05:37:06 PM    4   15.84    0.00    0.99    0.00    0.00    0.00    0.00    0.00    0.00   83.17
05:37:06 PM    5   62.38    0.00    0.99    0.00    0.00    0.00    0.00    0.00    0.00   36.63
05:37:06 PM    6   36.00    0.00    1.00    0.00    0.00    0.00    0.00    0.00    0.00   63.00
05:37:06 PM    7    6.06    0.00    0.00    0.00    0.00    0.00    0.00    0.00    0.00   93.94
05:37:06 PM    8    3.03    0.00    1.01    0.00    0.00    0.00    0.00    0.00    0.00   95.96
05:37:06 PM    9    0.00    0.00    0.00    0.00    0.00    0.00    0.00    0.00    0.00  100.00
05:37:06 PM   10    1.02    0.00    1.02    0.00    0.00    0.00    0.00    0.00    0.00   97.96
05:37:06 PM   11    0.00    0.00    0.00    0.00    0.00    0.00    0.00    0.00    0.00  100.00
05:37:06 PM   12    7.07    0.00    1.01    0.00    0.00    0.00    0.00    0.00    0.00   91.92
05:37:06 PM   13    0.00    0.00    0.00    0.00    0.00    0.00    0.00    0.00    0.00  100.00
05:37:06 PM   14   15.15    0.00    0.00    0.00    0.00    0.00    0.00    0.00    0.00   84.85
05:37:06 PM   15    0.00    0.00    1.01    0.00    0.00    0.00    0.00    0.00    0.00   98.99
05:37:06 PM   16    4.00    0.00    2.00    0.00    0.00    0.00    0.00    0.00    0.00   94.00
05:37:06 PM   17    3.00    0.00    3.00    0.00    0.00    0.00    0.00    0.00    0.00   94.00
05:37:06 PM   18    1.01    0.00    1.01    0.00    0.00    0.00    0.00    0.00    0.00   97.98
05:37:06 PM   19    2.00    0.00    2.00    0.00    0.00    0.00    0.00    0.00    0.00   96.00
05:37:06 PM   20    3.00    0.00    1.00    0.00    0.00    0.00    0.00    0.00    0.00   96.00
05:37:06 PM   21    2.00    0.00    0.00    0.00    0.00    0.00    0.00    0.00    0.00   98.00
05:37:06 PM   22    2.02    0.00    0.00    0.00    0.00    0.00    0.00    0.00    0.00   97.98
05:37:06 PM   23    5.00    0.00    2.00    0.00    0.00    0.00    0.00    0.00    0.00   93.00
05:37:06 PM   24    1.01    0.00    0.00    0.00    0.00    0.00    0.00    0.00    0.00   98.99
05:37:06 PM   25    1.98    0.00    1.98    0.00    0.00    0.00    0.00    0.00    0.00   96.04
05:37:06 PM   26    1.01    0.00    0.00    0.00    0.00    0.00    0.00    0.00    0.00   98.99
05:37:06 PM   27    3.03    0.00    1.01    0.00    0.00    0.00    0.00    0.00    0.00   95.96
05:37:06 PM   28    4.00    0.00    1.00    0.00    0.00    0.00    0.00    0.00    0.00   95.00
05:37:06 PM   29    2.00    0.00    1.00    0.00    0.00    0.00    0.00    0.00    0.00   97.00
05:37:06 PM   30    1.01    0.00    0.00    0.00    0.00    0.00    0.00    0.00    0.00   98.99
05:37:06 PM   31    2.00    0.00    1.00    0.00    0.00    0.00    0.00    0.00    0.00   97.00

05:37:06 PM  CPU    %usr   %nice    %sys %iowait    %irq   %soft  %steal  %guest  %gnice   %idle
05:37:07 PM  all   58.24    0.00    1.13    0.03    0.00    0.00    0.00    0.00    0.00   40.61
05:37:07 PM    0   56.00    0.00    1.00    0.00    0.00    0.00    0.00    0.00    0.00   43.00
05:37:07 PM    1   56.00    0.00    1.00    0.00    0.00    0.00    0.00    0.00    0.00   43.00
05:37:07 PM    2   56.44    0.00    1.98    0.00    0.00    0.00    0.00    0.00    0.00   41.58
05:37:07 PM    3   56.44    0.00    0.00    0.00    0.00    0.00    0.00    0.00    0.00   43.56
05:37:07 PM    4   83.84    0.00    1.01    0.00    0.00    0.00    0.00    0.00    0.00   15.15
05:37:07 PM    5   63.00    0.00    1.00    0.00    0.00    0.00    0.00    0.00    0.00   36.00
05:37:07 PM    6   61.00    0.00    2.00    0.00    0.00    0.00    0.00    0.00    0.00   37.00
05:37:07 PM    7   76.77    0.00    0.00    0.00    0.00    0.00    0.00    0.00    0.00   23.23
05:37:07 PM    8   57.00    0.00    1.00    0.00    0.00    0.00    0.00    0.00    0.00   42.00
05:37:07 PM    9   56.44    0.00    0.99    0.00    0.00    0.00    0.00    0.00    0.00   42.57
05:37:07 PM   10   55.56    0.00    3.03    0.00    0.00    0.00    0.00    0.00    0.00   41.41
05:37:07 PM   11   56.00    0.00    1.00    0.00    0.00    0.00    0.00    0.00    0.00   43.00
05:37:07 PM   12   56.57    0.00    1.01    0.00    0.00    0.00    0.00    0.00    0.00   42.42
05:37:07 PM   13   56.00    0.00    1.00    0.00    0.00    0.00    0.00    0.00    0.00   43.00
05:37:07 PM   14   56.44    0.00    1.98    0.00    0.00    0.00    0.00    0.00    0.00   41.58
05:37:07 PM   15   56.00    0.00    1.00    0.00    0.00    0.00    0.00    0.00    0.00   43.00
05:37:07 PM   16   55.00    0.00    1.00    0.00    0.00    0.00    0.00    0.00    0.00   44.00
05:37:07 PM   17   56.57    0.00    1.01    0.00    0.00    0.00    0.00    0.00    0.00   42.42
05:37:07 PM   18   56.00    0.00    1.00    0.00    0.00    0.00    0.00    0.00    0.00   43.00
05:37:07 PM   19   55.56    0.00    1.01    0.00    0.00    0.00    0.00    0.00    0.00   43.43
05:37:07 PM   20   56.57    0.00    1.01    0.00    0.00    0.00    0.00    0.00    0.00   42.42
05:37:07 PM   21   57.00    0.00    1.00    0.00    0.00    0.00    0.00    0.00    0.00   42.00
05:37:07 PM   22   57.00    0.00    1.00    0.00    0.00    0.00    0.00    0.00    0.00   42.00
05:37:07 PM   23   57.00    0.00    1.00    0.00    0.00    0.00    0.00    0.00    0.00   42.00
05:37:07 PM   24   57.43    0.00    0.99    0.00    0.00    0.00    0.00    0.00    0.00   41.58
05:37:07 PM   25   57.00    0.00    0.00    0.00    0.00    0.00    0.00    0.00    0.00   43.00
05:37:07 PM   26   56.44    0.00    0.99    0.00    0.00    0.00    0.00    0.00    0.00   42.57
05:37:07 PM   27   57.00    0.00    1.00    1.00    0.00    0.00    0.00    0.00    0.00   41.00
05:37:07 PM   28   56.57    0.00    1.01    0.00    0.00    0.00    0.00    0.00    0.00   42.42
05:37:07 PM   29   57.43    0.00    0.99    0.00    0.00    0.00    0.00    0.00    0.00   41.58
05:37:07 PM   30   55.00    0.00    2.00    0.00    0.00    0.00    0.00    0.00    0.00   43.00
05:37:07 PM   31   57.00    0.00    2.00    0.00    0.00    0.00    0.00    0.00    0.00   41.00

05:37:07 PM  CPU    %usr   %nice    %sys %iowait    %irq   %soft  %steal  %guest  %gnice   %idle
05:37:08 PM  all   90.51    0.00    1.25    0.00    0.00    0.03    0.00    0.00    0.00    8.21
05:37:08 PM    0   88.89    0.00    1.01    0.00    0.00    0.00    0.00    0.00    0.00   10.10
05:37:08 PM    1   90.00    0.00    1.00    0.00    0.00    0.00    0.00    0.00    0.00    9.00
05:37:08 PM    2   89.90    0.00    1.01    0.00    0.00    0.00    0.00    0.00    0.00    9.09
05:37:08 PM    3   90.00    0.00    1.00    0.00    0.00    0.00    0.00    0.00    0.00    9.00
05:37:08 PM    4   90.00    0.00    1.00    0.00    0.00    0.00    0.00    0.00    0.00    9.00
05:37:08 PM    5   90.00    0.00    1.00    0.00    0.00    0.00    0.00    0.00    0.00    9.00
05:37:08 PM    6   94.95    0.00    0.00    0.00    0.00    0.00    0.00    0.00    0.00    5.05
05:37:08 PM    7   94.06    0.00    0.99    0.00    0.00    0.00    0.00    0.00    0.00    4.95
05:37:08 PM    8   89.90    0.00    1.01    0.00    0.00    0.00    0.00    0.00    0.00    9.09
05:37:08 PM    9   90.00    0.00    0.00    0.00    0.00    0.00    0.00    0.00    0.00   10.00
05:37:08 PM   10   87.13    0.00    1.98    0.00    0.00    0.00    0.00    0.00    0.00   10.89
05:37:08 PM   11   90.00    0.00    1.00    0.00    0.00    0.00    0.00    0.00    0.00    9.00
05:37:08 PM   12   88.24    0.00    0.98    0.00    0.00    0.00    0.00    0.00    0.00   10.78
05:37:08 PM   13   90.00    0.00    1.00    0.00    0.00    0.00    0.00    0.00    0.00    9.00
05:37:08 PM   14   89.90    0.00    0.00    0.00    0.00    0.00    0.00    0.00    0.00   10.10
05:37:08 PM   15   90.91    0.00    0.00    0.00    0.00    0.00    0.00    0.00    0.00    9.09
05:37:08 PM   16   92.00    0.00    1.00    0.00    0.00    0.00    0.00    0.00    0.00    7.00
05:37:08 PM   17   90.10    0.00    1.98    0.00    0.00    0.00    0.00    0.00    0.00    7.92
05:37:08 PM   18   91.00    0.00    1.00    0.00    0.00    0.00    0.00    0.00    0.00    8.00
05:37:08 PM   19   91.09    0.00    0.99    0.00    0.00    0.99    0.00    0.00    0.00    6.93
05:37:08 PM   20   92.08    0.00    0.99    0.00    0.00    0.00    0.00    0.00    0.00    6.93
05:37:08 PM   21   92.00    0.00    1.00    0.00    0.00    0.00    0.00    0.00    0.00    7.00
05:37:08 PM   22   89.11    0.00    2.97    0.00    0.00    0.00    0.00    0.00    0.00    7.92
05:37:08 PM   23   90.00    0.00    3.00    0.00    0.00    0.00    0.00    0.00    0.00    7.00
05:37:08 PM   24   92.00    0.00    1.00    0.00    0.00    0.00    0.00    0.00    0.00    7.00
05:37:08 PM   25   90.00    0.00    3.00    0.00    0.00    0.00    0.00    0.00    0.00    7.00
05:37:08 PM   26   92.00    0.00    1.00    0.00    0.00    0.00    0.00    0.00    0.00    7.00
05:37:08 PM   27   90.10    0.00    2.97    0.00    0.00    0.00    0.00    0.00    0.00    6.93
05:37:08 PM   28   90.00    0.00    2.00    0.00    0.00    0.00    0.00    0.00    0.00    8.00
05:37:08 PM   29   89.90    0.00    2.02    0.00    0.00    0.00    0.00    0.00    0.00    8.08
05:37:08 PM   30   91.09    0.00    0.99    0.00    0.00    0.00    0.00    0.00    0.00    7.92
05:37:08 PM   31   90.00    0.00    1.00    0.00    0.00    0.00    0.00    0.00    0.00    9.00

05:37:08 PM  CPU    %usr   %nice    %sys %iowait    %irq   %soft  %steal  %guest  %gnice   %idle
05:37:09 PM  all   89.40    0.00    1.42    0.00    0.00    0.00    0.00    0.00    0.00    9.18
05:37:09 PM    0   88.89    0.00    1.01    0.00    0.00    0.00    0.00    0.00    0.00   10.10
05:37:09 PM    1   89.90    0.00    0.00    0.00    0.00    0.00    0.00    0.00    0.00   10.10
05:37:09 PM    2   89.80    0.00    0.00    0.00    0.00    0.00    0.00    0.00    0.00   10.20
05:37:09 PM    3   89.80    0.00    1.02    0.00    0.00    0.00    0.00    0.00    0.00    9.18
05:37:09 PM    4   91.00    0.00    1.00    0.00    0.00    0.00    0.00    0.00    0.00    8.00
05:37:09 PM    5   90.82    0.00    0.00    0.00    0.00    0.00    0.00    0.00    0.00    9.18
05:37:09 PM    6   92.93    0.00    1.01    0.00    0.00    0.00    0.00    0.00    0.00    6.06
05:37:09 PM    7   92.00    0.00    1.00    0.00    0.00    0.00    0.00    0.00    0.00    7.00
05:37:09 PM    8   88.00    0.00    1.00    0.00    0.00    0.00    0.00    0.00    0.00   11.00
05:37:09 PM    9   89.90    0.00    1.01    0.00    0.00    0.00    0.00    0.00    0.00    9.09
05:37:09 PM   10   89.80    0.00    1.02    0.00    0.00    0.00    0.00    0.00    0.00    9.18
05:37:09 PM   11   90.91    0.00    0.00    0.00    0.00    0.00    0.00    0.00    0.00    9.09
05:37:09 PM   12   88.78    0.00    2.04    0.00    0.00    0.00    0.00    0.00    0.00    9.18
05:37:09 PM   13   90.82    0.00    0.00    0.00    0.00    0.00    0.00    0.00    0.00    9.18
05:37:09 PM   14   89.00    0.00    1.00    0.00    0.00    0.00    0.00    0.00    0.00   10.00
05:37:09 PM   15   90.00    0.00    0.00    0.00    0.00    0.00    0.00    0.00    0.00   10.00
05:37:09 PM   16   86.87    0.00    3.03    0.00    0.00    0.00    0.00    0.00    0.00   10.10
05:37:09 PM   17   89.11    0.00    0.99    0.00    0.00    0.00    0.00    0.00    0.00    9.90
05:37:09 PM   18   89.90    0.00    2.02    0.00    0.00    0.00    0.00    0.00    0.00    8.08
05:37:09 PM   19   85.86    0.00    4.04    0.00    0.00    0.00    0.00    0.00    0.00   10.10
05:37:09 PM   20   90.82    0.00    1.02    0.00    0.00    0.00    0.00    0.00    0.00    8.16
05:37:09 PM   21   89.90    0.00    1.01    0.00    0.00    0.00    0.00    0.00    0.00    9.09
05:37:09 PM   22   90.00    0.00    2.00    0.00    0.00    0.00    0.00    0.00    0.00    8.00
05:37:09 PM   23   83.84    0.00    5.05    0.00    0.00    0.00    0.00    0.00    0.00   11.11
05:37:09 PM   24   88.78    0.00    2.04    0.00    0.00    0.00    0.00    0.00    0.00    9.18
05:37:09 PM   25   90.82    0.00    1.02    0.00    0.00    0.00    0.00    0.00    0.00    8.16
05:37:09 PM   26   86.87    0.00    3.03    0.00    0.00    0.00    0.00    0.00    0.00   10.10
05:37:09 PM   27   88.89    0.00    2.02    0.00    0.00    0.00    0.00    0.00    0.00    9.09
05:37:09 PM   28   90.91    0.00    1.01    0.00    0.00    0.00    0.00    0.00    0.00    8.08
05:37:09 PM   29   88.00    0.00    2.00    0.00    0.00    0.00    0.00    0.00    0.00   10.00
05:37:09 PM   30   90.10    0.00    0.99    0.00    0.00    0.00    0.00    0.00    0.00    8.91
05:37:09 PM   31   87.88    0.00    3.03    0.00    0.00    0.00    0.00    0.00    0.00    9.09

05:37:09 PM  CPU    %usr   %nice    %sys %iowait    %irq   %soft  %steal  %guest  %gnice   %idle
05:37:10 PM  all   90.07    0.00    1.07    0.00    0.00    0.03    0.00    0.00    0.00    8.83
05:37:10 PM    0   89.11    0.00    0.99    0.00    0.00    0.00    0.00    0.00    0.00    9.90
05:37:10 PM    1   90.00    0.00    1.00    0.00    0.00    0.00    0.00    0.00    0.00    9.00
05:37:10 PM    2   88.00    0.00    1.00    0.00    0.00    0.00    0.00    0.00    0.00   11.00
05:37:10 PM    3   90.00    0.00    0.00    0.00    0.00    0.00    0.00    0.00    0.00   10.00
05:37:10 PM    4   91.00    0.00    1.00    0.00    0.00    0.00    0.00    0.00    0.00    8.00
05:37:10 PM    5   89.00    0.00    1.00    0.00    0.00    0.00    0.00    0.00    0.00   10.00
05:37:10 PM    6   87.13    0.00    1.98    0.00    0.00    0.00    0.00    0.00    0.00   10.89
05:37:10 PM    7   90.82    0.00    0.00    0.00    0.00    0.00    0.00    0.00    0.00    9.18
05:37:10 PM    8   89.11    0.00    2.97    0.00    0.00    0.00    0.00    0.00    0.00    7.92
05:37:10 PM    9   89.90    0.00    0.00    0.00    0.00    0.00    0.00    0.00    0.00   10.10
05:37:10 PM   10   92.93    0.00    0.00    0.00    0.00    0.00    0.00    0.00    0.00    7.07
05:37:10 PM   11   90.00    0.00    0.00    0.00    0.00    0.00    0.00    0.00    0.00   10.00
05:37:10 PM   12   90.00    0.00    0.00    0.00    0.00    0.00    0.00    0.00    0.00   10.00
05:37:10 PM   13   90.91    0.00    0.00    0.00    0.00    0.00    0.00    0.00    0.00    9.09
05:37:10 PM   14   90.91    0.00    0.00    0.00    0.00    0.00    0.00    0.00    0.00    9.09
05:37:10 PM   15   89.00    0.00    1.00    0.00    0.00    0.00    0.00    0.00    0.00   10.00
05:37:10 PM   16   90.82    0.00    2.04    0.00    0.00    0.00    0.00    0.00    0.00    7.14
05:37:10 PM   17   89.90    0.00    1.01    0.00    0.00    0.00    0.00    0.00    0.00    9.09
05:37:10 PM   18   90.10    0.00    1.98    0.00    0.00    0.00    0.00    0.00    0.00    7.92
05:37:10 PM   19   88.89    0.00    1.01    0.00    0.00    1.01    0.00    0.00    0.00    9.09
05:37:10 PM   20   90.10    0.00    1.98    0.00    0.00    0.00    0.00    0.00    0.00    7.92
05:37:10 PM   21   89.00    0.00    3.00    0.00    0.00    0.00    0.00    0.00    0.00    8.00
05:37:10 PM   22   92.00    0.00    1.00    0.00    0.00    0.00    0.00    0.00    0.00    7.00
05:37:10 PM   23   89.90    0.00    2.02    0.00    0.00    0.00    0.00    0.00    0.00    8.08
05:37:10 PM   24   90.00    0.00    1.00    0.00    0.00    0.00    0.00    0.00    0.00    9.00
05:37:10 PM   25   90.10    0.00    1.98    0.00    0.00    0.00    0.00    0.00    0.00    7.92
05:37:10 PM   26   90.00    0.00    1.00    0.00    0.00    0.00    0.00    0.00    0.00    9.00
05:37:10 PM   27   91.00    0.00    0.00    0.00    0.00    0.00    0.00    0.00    0.00    9.00
05:37:10 PM   28   92.00    0.00    1.00    0.00    0.00    0.00    0.00    0.00    0.00    7.00
05:37:10 PM   29   89.90    0.00    2.02    0.00    0.00    0.00    0.00    0.00    0.00    8.08
05:37:10 PM   30   90.91    0.00    1.01    0.00    0.00    0.00    0.00    0.00    0.00    8.08
05:37:10 PM   31   89.90    0.00    1.01    0.00    0.00    0.00    0.00    0.00    0.00    9.09

05:37:10 PM  CPU    %usr   %nice    %sys %iowait    %irq   %soft  %steal  %guest  %gnice   %idle
05:37:11 PM  all   89.86    0.00    1.41    0.00    0.00    0.03    0.00    0.00    0.00    8.70
05:37:11 PM    0   88.89    0.00    2.02    0.00    0.00    0.00    0.00    0.00    0.00    9.09
05:37:11 PM    1   90.91    0.00    0.00    0.00    0.00    0.00    0.00    0.00    0.00    9.09
05:37:11 PM    2   89.11    0.00    0.99    0.00    0.00    0.00    0.00    0.00    0.00    9.90
05:37:11 PM    3   95.05    0.00    0.99    0.00    0.00    0.00    0.00    0.00    0.00    3.96
05:37:11 PM    4   88.12    0.00    0.99    0.00    0.00    0.00    0.00    0.00    0.00   10.89
05:37:11 PM    5   90.00    0.00    0.00    0.00    0.00    0.00    0.00    0.00    0.00   10.00
05:37:11 PM    6   88.12    0.00    1.98    0.00    0.00    0.00    0.00    0.00    0.00    9.90
05:37:11 PM    7   90.00    0.00    0.00    0.00    0.00    0.00    0.00    0.00    0.00   10.00
05:37:11 PM    8   88.89    0.00    1.01    0.00    0.00    0.00    0.00    0.00    0.00   10.10
05:37:11 PM    9   89.11    0.00    0.99    0.00    0.00    0.00    0.00    0.00    0.00    9.90
05:37:11 PM   10   89.00    0.00    1.00    0.00    0.00    0.00    0.00    0.00    0.00   10.00
05:37:11 PM   11   88.89    0.00    1.01    0.00    0.00    0.00    0.00    0.00    0.00   10.10
05:37:11 PM   12   89.90    0.00    1.01    0.00    0.00    0.00    0.00    0.00    0.00    9.09
05:37:11 PM   13   89.11    0.00    1.98    0.00    0.00    0.00    0.00    0.00    0.00    8.91
05:37:11 PM   14   87.13    0.00    1.98    0.00    0.00    0.00    0.00    0.00    0.00   10.89
05:37:11 PM   15   90.00    0.00    1.00    0.00    0.00    0.00    0.00    0.00    0.00    9.00
05:37:11 PM   16   88.89    0.00    1.01    0.00    0.00    0.00    0.00    0.00    0.00   10.10
05:37:11 PM   17   91.00    0.00    1.00    0.00    0.00    0.00    0.00    0.00    0.00    8.00
05:37:11 PM   18   90.91    0.00    0.00    0.00    0.00    0.00    0.00    0.00    0.00    9.09
05:37:11 PM   19   87.00    0.00    5.00    0.00    0.00    1.00    0.00    0.00    0.00    7.00
05:37:11 PM   20   91.00    0.00    2.00    0.00    0.00    0.00    0.00    0.00    0.00    7.00
05:37:11 PM   21   90.00    0.00    2.00    0.00    0.00    0.00    0.00    0.00    0.00    8.00
05:37:11 PM   22   91.92    0.00    1.01    0.00    0.00    0.00    0.00    0.00    0.00    7.07
05:37:11 PM   23   90.00    0.00    3.00    0.00    0.00    0.00    0.00    0.00    0.00    7.00
05:37:11 PM   24   91.00    0.00    1.00    0.00    0.00    0.00    0.00    0.00    0.00    8.00
05:37:11 PM   25   90.91    0.00    1.01    0.00    0.00    0.00    0.00    0.00    0.00    8.08
05:37:11 PM   26   91.00    0.00    1.00    0.00    0.00    0.00    0.00    0.00    0.00    8.00
05:37:11 PM   27   88.00    0.00    2.00    0.00    0.00    0.00    0.00    0.00    0.00   10.00
05:37:11 PM   28   91.92    0.00    1.01    0.00    0.00    0.00    0.00    0.00    0.00    7.07
05:37:11 PM   29   90.00    0.00    2.00    0.00    0.00    0.00    0.00    0.00    0.00    8.00
05:37:11 PM   30   90.00    0.00    3.00    0.00    0.00    0.00    0.00    0.00    0.00    7.00
05:37:11 PM   31   89.90    0.00    2.02    0.00    0.00    0.00    0.00    0.00    0.00    8.08

05:37:11 PM  CPU    %usr   %nice    %sys %iowait    %irq   %soft  %steal  %guest  %gnice   %idle
05:37:12 PM  all   89.18    0.00    1.25    0.00    0.00    0.03    0.00    0.00    0.00    9.53
05:37:12 PM    0   88.00    0.00    1.00    0.00    0.00    0.00    0.00    0.00    0.00   11.00
05:37:12 PM    1   88.12    0.00    0.99    0.00    0.00    0.00    0.00    0.00    0.00   10.89
05:37:12 PM    2   87.88    0.00    1.01    0.00    0.00    0.00    0.00    0.00    0.00   11.11
05:37:12 PM    3   88.89    0.00    1.01    0.00    0.00    0.00    0.00    0.00    0.00   10.10
05:37:12 PM    4   91.00    0.00    1.00    0.00    0.00    0.00    0.00    0.00    0.00    8.00
05:37:12 PM    5   88.00    0.00    2.00    0.00    0.00    0.00    0.00    0.00    0.00   10.00
05:37:12 PM    6   94.00    0.00    0.00    0.00    0.00    0.00    0.00    0.00    0.00    6.00
05:37:12 PM    7   90.00    0.00    1.00    0.00    0.00    0.00    0.00    0.00    0.00    9.00
05:37:12 PM    8   88.89    0.00    1.01    0.00    0.00    0.00    0.00    0.00    0.00   10.10
05:37:12 PM    9   89.90    0.00    0.00    0.00    0.00    0.00    0.00    0.00    0.00   10.10
05:37:12 PM   10   87.00    0.00    3.00    0.00    0.00    0.00    0.00    0.00    0.00   10.00
05:37:12 PM   11   90.00    0.00    0.00    0.00    0.00    0.00    0.00    0.00    0.00   10.00
05:37:12 PM   12   85.86    0.00    2.02    0.00    0.00    0.00    0.00    0.00    0.00   12.12
05:37:12 PM   13   89.90    0.00    0.00    0.00    0.00    0.00    0.00    0.00    0.00   10.10
05:37:12 PM   14   87.88    0.00    1.01    0.00    0.00    0.00    0.00    0.00    0.00   11.11
05:37:12 PM   15   89.90    0.00    0.00    0.00    0.00    0.00    0.00    0.00    0.00   10.10
05:37:12 PM   16   89.90    0.00    2.02    0.00    0.00    0.00    0.00    0.00    0.00    8.08
05:37:12 PM   17   88.12    0.00    1.98    0.00    0.00    0.00    0.00    0.00    0.00    9.90
05:37:12 PM   18   88.12    0.00    1.98    0.00    0.00    0.00    0.00    0.00    0.00    9.90
05:37:12 PM   19   89.11    0.00    0.99    0.00    0.00    0.99    0.00    0.00    0.00    8.91
05:37:12 PM   20   89.90    0.00    1.01    0.00    0.00    0.00    0.00    0.00    0.00    9.09
05:37:12 PM   21   90.82    0.00    1.02    0.00    0.00    0.00    0.00    0.00    0.00    8.16
05:37:12 PM   22   90.91    0.00    1.01    0.00    0.00    0.00    0.00    0.00    0.00    8.08
05:37:12 PM   23   87.88    0.00    3.03    0.00    0.00    0.00    0.00    0.00    0.00    9.09
05:37:12 PM   24   88.89    0.00    2.02    0.00    0.00    0.00    0.00    0.00    0.00    9.09
05:37:12 PM   25   88.00    0.00    2.00    0.00    0.00    0.00    0.00    0.00    0.00   10.00
05:37:12 PM   26   90.10    0.00    0.99    0.00    0.00    0.00    0.00    0.00    0.00    8.91
05:37:12 PM   27   89.00    0.00    2.00    0.00    0.00    0.00    0.00    0.00    0.00    9.00
05:37:12 PM   28   88.00    0.00    2.00    0.00    0.00    0.00    0.00    0.00    0.00   10.00
05:37:12 PM   29   89.00    0.00    2.00    0.00    0.00    0.00    0.00    0.00    0.00    9.00
05:37:12 PM   30   90.00    0.00    1.00    0.00    0.00    0.00    0.00    0.00    0.00    9.00
05:37:12 PM   31   90.91    0.00    0.00    0.00    0.00    0.00    0.00    0.00    0.00    9.09

05:37:12 PM  CPU    %usr   %nice    %sys %iowait    %irq   %soft  %steal  %guest  %gnice   %idle
05:37:13 PM  all   90.02    0.00    0.88    0.00    0.00    0.03    0.00    0.00    0.00    9.08
05:37:13 PM    0   88.00    0.00    1.00    0.00    0.00    0.00    0.00    0.00    0.00   11.00
05:37:13 PM    1   88.78    0.00    0.00    0.00    0.00    0.00    0.00    0.00    0.00   11.22
05:37:13 PM    2   89.00    0.00    1.00    0.00    0.00    0.00    0.00    0.00    0.00   10.00
05:37:13 PM    3   90.91    0.00    0.00    0.00    0.00    0.00    0.00    0.00    0.00    9.09
05:37:13 PM    4   86.87    0.00    1.01    0.00    0.00    0.00    0.00    0.00    0.00   12.12
05:37:13 PM    5   90.00    0.00    0.00    0.00    0.00    0.00    0.00    0.00    0.00   10.00
05:37:13 PM    6   91.92    0.00    1.01    0.00    0.00    0.00    0.00    0.00    0.00    7.07
05:37:13 PM    7   96.97    0.00    0.00    0.00    0.00    0.00    0.00    0.00    0.00    3.03
05:37:13 PM    8   87.00    0.00    1.00    0.00    0.00    0.00    0.00    0.00    0.00   12.00
05:37:13 PM    9   90.00    0.00    0.00    0.00    0.00    0.00    0.00    0.00    0.00   10.00
05:37:13 PM   10   88.78    0.00    0.00    0.00    0.00    0.00    0.00    0.00    0.00   11.22
05:37:13 PM   11   89.00    0.00    1.00    0.00    0.00    0.00    0.00    0.00    0.00   10.00
05:37:13 PM   12   88.89    0.00    1.01    0.00    0.00    0.00    0.00    0.00    0.00   10.10
05:37:13 PM   13   90.00    0.00    1.00    0.00    0.00    0.00    0.00    0.00    0.00    9.00
05:37:13 PM   14   88.00    0.00    1.00    0.00    0.00    0.00    0.00    0.00    0.00   11.00
05:37:13 PM   15   90.00    0.00    0.00    0.00    0.00    0.00    0.00    0.00    0.00   10.00
05:37:13 PM   16   90.00    0.00    1.00    0.00    0.00    0.00    0.00    0.00    0.00    9.00
05:37:13 PM   17   91.92    0.00    0.00    0.00    0.00    0.00    0.00    0.00    0.00    8.08
05:37:13 PM   18   91.92    0.00    0.00    0.00    0.00    0.00    0.00    0.00    0.00    8.08
05:37:13 PM   19   90.00    0.00    1.00    0.00    0.00    1.00    0.00    0.00    0.00    8.00
05:37:13 PM   20   90.00    0.00    2.00    0.00    0.00    0.00    0.00    0.00    0.00    8.00
05:37:13 PM   21   90.00    0.00    1.00    0.00    0.00    0.00    0.00    0.00    0.00    9.00
05:37:13 PM   22   89.11    0.00    1.98    0.00    0.00    0.00    0.00    0.00    0.00    8.91
05:37:13 PM   23   89.11    0.00    2.97    0.00    0.00    0.00    0.00    0.00    0.00    7.92
05:37:13 PM   24   91.09    0.00    0.99    0.00    0.00    0.00    0.00    0.00    0.00    7.92
05:37:13 PM   25   90.00    0.00    2.00    0.00    0.00    0.00    0.00    0.00    0.00    8.00
05:37:13 PM   26   88.89    0.00    3.03    0.00    0.00    0.00    0.00    0.00    0.00    8.08
05:37:13 PM   27   92.00    0.00    0.00    0.00    0.00    0.00    0.00    0.00    0.00    8.00
05:37:13 PM   28   91.09    0.00    0.99    0.00    0.00    0.00    0.00    0.00    0.00    7.92
05:37:13 PM   29   90.10    0.00    0.00    0.00    0.00    0.00    0.00    0.00    0.00    9.90
05:37:13 PM   30   90.00    0.00    1.00    0.00    0.00    0.00    0.00    0.00    0.00    9.00
05:37:13 PM   31   91.18    0.00    0.98    0.00    0.00    0.00    0.00    0.00    0.00    7.84

05:37:13 PM  CPU    %usr   %nice    %sys %iowait    %irq   %soft  %steal  %guest  %gnice   %idle
05:37:14 PM  all   14.67    0.00    0.72    0.00    0.00    0.00    0.00    0.00    0.00   84.61
05:37:14 PM    0    8.25    0.00    1.03    0.00    0.00    0.00    0.00    0.00    0.00   90.72
05:37:14 PM    1   10.00    0.00    1.00    0.00    0.00    0.00    0.00    0.00    0.00   89.00
05:37:14 PM    2   16.00    0.00    0.00    0.00    0.00    0.00    0.00    0.00    0.00   84.00
05:37:14 PM    3   14.00    0.00    0.00    0.00    0.00    0.00    0.00    0.00    0.00   86.00
05:37:14 PM    4   37.37    0.00    2.02    0.00    0.00    0.00    0.00    0.00    0.00   60.61
05:37:14 PM    5   11.00    0.00    1.00    0.00    0.00    0.00    0.00    0.00    0.00   88.00
05:37:14 PM    6   35.64    0.00    0.99    0.00    0.00    0.00    0.00    0.00    0.00   63.37
05:37:14 PM    7   46.53    0.00    0.00    0.00    0.00    0.00    0.00    0.00    0.00   53.47
05:37:14 PM    8   14.29    0.00    0.00    0.00    0.00    0.00    0.00    0.00    0.00   85.71
05:37:14 PM    9    8.08    0.00    0.00    0.00    0.00    0.00    0.00    0.00    0.00   91.92
05:37:14 PM   10   20.79    0.00    0.99    0.00    0.00    0.00    0.00    0.00    0.00   78.22
05:37:14 PM   11    7.07    0.00    0.00    0.00    0.00    0.00    0.00    0.00    0.00   92.93
05:37:14 PM   12   15.15    0.00    1.01    0.00    0.00    0.00    0.00    0.00    0.00   83.84
05:37:14 PM   13    7.92    0.00    0.00    0.00    0.00    0.00    0.00    0.00    0.00   92.08
05:37:14 PM   14   14.00    0.00    1.00    0.00    0.00    0.00    0.00    0.00    0.00   85.00
05:37:14 PM   15    7.00    0.00    1.00    0.00    0.00    0.00    0.00    0.00    0.00   92.00
05:37:14 PM   16   13.73    0.00    1.96    0.00    0.00    0.00    0.00    0.00    0.00   84.31
05:37:14 PM   17   12.00    0.00    2.00    0.00    0.00    0.00    0.00    0.00    0.00   86.00
05:37:14 PM   18   12.87    0.00    0.99    0.00    0.00    0.00    0.00    0.00    0.00   86.14
05:37:14 PM   19   12.87    0.00    0.99    0.00    0.00    0.00    0.00    0.00    0.00   86.14
05:37:14 PM   20   10.00    0.00    0.00    0.00    0.00    0.00    0.00    0.00    0.00   90.00
05:37:14 PM   21   10.00    0.00    1.00    0.00    0.00    0.00    0.00    0.00    0.00   89.00
05:37:14 PM   22   14.00    0.00    0.00    0.00    0.00    0.00    0.00    0.00    0.00   86.00
05:37:14 PM   23   12.00    0.00    2.00    0.00    0.00    0.00    0.00    0.00    0.00   86.00
05:37:14 PM   24   12.12    0.00    0.00    0.00    0.00    0.00    0.00    0.00    0.00   87.88
05:37:14 PM   25   13.86    0.00    0.99    0.00    0.00    0.00    0.00    0.00    0.00   85.15
05:37:14 PM   26   13.13    0.00    0.00    0.00    0.00    0.00    0.00    0.00    0.00   86.87
05:37:14 PM   27   13.00    0.00    1.00    0.00    0.00    0.00    0.00    0.00    0.00   86.00
05:37:14 PM   28   13.13    0.00    0.00    0.00    0.00    0.00    0.00    0.00    0.00   86.87
05:37:14 PM   29   10.00    0.00    1.00    0.00    0.00    0.00    0.00    0.00    0.00   89.00
05:37:14 PM   30   14.00    0.00    1.00    0.00    0.00    0.00    0.00    0.00    0.00   85.00
05:37:14 PM   31    9.00    0.00    0.00    0.00    0.00    0.00    0.00    0.00    0.00   91.00

05:37:14 PM  CPU    %usr   %nice    %sys %iowait    %irq   %soft  %steal  %guest  %gnice   %idle
05:37:15 PM  all    2.32    0.00    0.56    0.00    0.00    0.00    0.00    0.00    0.00   97.11
05:37:15 PM    0    0.00    0.00    0.00    0.00    0.00    0.00    0.00    0.00    0.00  100.00
05:37:15 PM    1    1.00    0.00    0.00    0.00    0.00    0.00    0.00    0.00    0.00   99.00
05:37:15 PM    2    0.00    0.00    0.00    0.00    0.00    0.00    0.00    0.00    0.00  100.00
05:37:15 PM    3    0.00    0.00    0.00    0.00    0.00    0.00    0.00    0.00    0.00  100.00
05:37:15 PM    4   19.19    0.00    1.01    0.00    0.00    0.00    0.00    0.00    0.00   79.80
05:37:15 PM    5    0.00    0.00    0.00    0.00    0.00    0.00    0.00    0.00    0.00  100.00
05:37:15 PM    6   33.33    0.00    0.00    0.00    0.00    0.00    0.00    0.00    0.00   66.67
05:37:15 PM    7    9.09    0.00   10.10    0.00    0.00    0.00    0.00    0.00    0.00   80.81
05:37:15 PM    8    4.95    0.00    0.99    0.00    0.00    0.00    0.00    0.00    0.00   94.06
05:37:15 PM    9    0.00    0.00    0.00    0.00    0.00    0.00    0.00    0.00    0.00  100.00
05:37:15 PM   10    1.01    0.00    1.01    0.00    0.00    0.00    0.00    0.00    0.00   97.98
05:37:15 PM   11    0.00    0.00    0.00    0.00    0.00    0.00    0.00    0.00    0.00  100.00
05:37:15 PM   12    1.98    0.00    1.98    0.00    0.00    0.00    0.00    0.00    0.00   96.04
05:37:15 PM   13    0.00    0.00    0.00    0.00    0.00    0.00    0.00    0.00    0.00  100.00
05:37:15 PM   14    2.00    0.00    0.00    0.00    0.00    0.00    0.00    0.00    0.00   98.00
05:37:15 PM   15    0.00    0.00    0.00    0.00    0.00    0.00    0.00    0.00    0.00  100.00
05:37:15 PM   16    1.00    0.00    0.00    0.00    0.00    0.00    0.00    0.00    0.00   99.00
05:37:15 PM   17    0.00    0.00    0.00    0.00    0.00    0.00    0.00    0.00    0.00  100.00
05:37:15 PM   18    0.00    0.00    1.00    0.00    0.00    0.00    0.00    0.00    0.00   99.00
05:37:15 PM   19    0.00    0.00    0.00    0.00    0.00    0.00    0.00    0.00    0.00  100.00
05:37:15 PM   20    0.00    0.00    1.00    0.00    0.00    0.00    0.00    0.00    0.00   99.00
05:37:15 PM   21    0.00    0.00    0.00    0.00    0.00    0.00    0.00    0.00    0.00  100.00
05:37:15 PM   22    0.00    0.00    0.00    0.00    0.00    0.00    0.00    0.00    0.00  100.00
05:37:15 PM   23    0.00    0.00    0.00    0.00    0.00    0.00    0.00    0.00    0.00  100.00
05:37:15 PM   24    0.00    0.00    0.00    0.00    0.00    0.00    0.00    0.00    0.00  100.00
05:37:15 PM   25    0.00    0.00    0.00    0.00    0.00    0.00    0.00    0.00    0.00  100.00
05:37:15 PM   26    0.00    0.00    0.00    0.00    0.00    0.00    0.00    0.00    0.00  100.00
05:37:15 PM   27    0.00    0.00    0.00    0.00    0.00    0.00    0.00    0.00    0.00  100.00
05:37:15 PM   28    0.00    0.00    0.00    0.00    0.00    0.00    0.00    0.00    0.00  100.00
05:37:15 PM   29    1.00    0.00    0.00    0.00    0.00    0.00    0.00    0.00    0.00   99.00
05:37:15 PM   30    0.00    0.00    1.00    0.00    0.00    0.00    0.00    0.00    0.00   99.00
05:37:15 PM   31    0.00    0.00    0.00    0.00    0.00    0.00    0.00    0.00    0.00  100.00
